19 November 2019 12:39:53
Time (ms),HR (bpm),R-R (ms)
5384,95,617
6065,93,681
6771,93,706
7477,93,706
8149,92,672
8862,92,713
9616,90,754
10369,89,753
11004,90,635
11568,90,564
12108,90,540
12645,90,537
13224,92,579
13900,92,676
14613,92,713
15346,92,733
16056,91,710
16755,91,699
17430,91,675
18086,91,656
18680,91,594
19267,91,587
19848,91,581
20438,94,590
21039,94,601
21648,95,609
22269,96,621
22877,96,608
23479,97,602
24101,97,622
24729,97,628
25385,96,656
26039,96,654
26647,97,608
27265,97,618
27910,97,645
28597,95,687
29310,95,713
30025,94,715
30712,94,687
31346,94,634
31995,94,649
32658,93,663
33354,93,696
34086,92,732
34763,93,677
35383,93,620
36007,93,624
36684,92,677
37409,92,725
38169,91,760
38904,90,735
39554,90,650
40247,90,693
40988,89,741
41737,87,749
42512,87,775
43194,88,682
43834,89,640
44482,89,648
45159,90,677
45840,90,681
46495,90,655
47087,92,592
47659,92,572
48278,93,619
48966,91,688
49698,91,732
50458,90,760
51182,89,724
51882,89,700
52603,89,721
53341,88,738
54071,88,730
54751,88,680
55352,88,601
55930,88,578
56545,89,615
57194,90,649
57873,90,679
58501,91,628
59139,91,638
59813,91,674
60547,91,734
61315,89,768
62011,89,696
62679,89,668
63367,89,688
64066,89,699
64707,90,641
65310,91,603
65936,91,626
66616,91,680
67387,89,771
68191,89,804
69002,89,811
69775,88,773
70547,86,772
71322,86,775
72107,85,785
72852,85,745
73555,85,703
74282,85,727
75044,84,762
75817,84,773
76586,83,769
77323,83,737
78037,84,714
78699,85,662
79397,85,698
80135,85,738
80896,84,761
81662,84,766
82405,84,743
83053,85,648
83717,87,664
84389,87,672
85072,87,683
85700,90,628
86300,90,600
86930,92,630
87580,92,650
88184,93,604
88804,93,620
89471,93,667
90222,93,751
90998,92,776
91747,92,749
92408,92,661
92986,92,578
93537,92,551
94090,93,553
94702,93,612
95386,93,684
96085,92,699
96787,92,702
97448,92,661
98067,93,619
98705,93,638
99392,93,687
100104,91,712
100809,91,705
101512,91,703
102190,91,678
102854,91,664
103542,91,688
104243,91,701
104906,91,663
105544,91,638
106211,91,667
106913,91,702
107623,90,710
108296,91,673
108938,91,642
109612,91,674
110325,90,713
111051,90,726
111756,89,705
112455,89,699
113169,89,714
113903,88,734
114630,88,727
115330,88,700
115978,89,648
116628,90,650
117296,90,668
117993,90,697
118698,89,705
119375,89,677
120055,89,680
120744,89,689
121480,89,736
122195,88,715
122866,89,671
123595,87,729
124364,87,769
125183,86,819
125956,85,773
126663,85,707
127374,85,711
128089,85,715
128811,86,722
129483,86,672
130124,87,641
130791,88,667
131481,88,690
132193,88,712
132860,89,667
133504,89,644
134180,89,676
134917,87,737
135699,87,782
136413,87,714
137088,88,675
137785,88,697
138492,88,707
139174,89,682
139791,89,617
140419,90,628
141075,90,656
141773,90,698
142503,90,730
143211,90,708
143858,90,647
144535,90,677
145238,91,703
145869,91,631
146484,92,615
147117,92,633
147726,93,609
148294,96,568
148888,96,594
149514,97,626
150120,97,606
150696,98,576
151270,100,574
151862,100,592
